scale_factor <- 2.07916666666667
Ni <- 27
Nj <- 709
x <- 
c(0, 0, 0, 0, 0, 0, 0, 0, 0, 0, 0, 0, 0, 0, 0, 0, 0, 0, 0, 0, 0, 0, 0, 0, 0, 0, 0, 0, 0, 0, 0, 0, 0, 0, 0, 0, 0, 0, 0, 0, 0, 0,
0, 0, 0, 0, 0, 0, 0, 0, 0, 0, 0, 0, 0, 0, 0, 0, 0, 0, 0, 0, 0, 0, 0, 0, 0, 0, 0, 0, 0, 0, 0, 0, 0, 0, 0, 0, 0, 0, 0, 0, 0, 0, 0, 0,
0, 0, 0, 0, 0, 0, 0, 0, 0, 0, 0, 0, 0, 0, 0, 0, 0, 0, 0, 0, 0, 0, 0, 0, 0, 0, 0, 0, 0, 0, 0, 0, 0, 0, 0, 0, 0, 0, 0, 0, 0, 0, 0, 0,
0, 0, 0, 0, 0, 0, 0, 0, 0, 0, 0, 0, 0, 0, 0, 0, 0, 0, 0, 0, 0, 0, 0, 0, 0, 0, 0, 0, 0, 0, 0, 0, 0, 0, 0, 0, 0, 0, 0, 0, 0, 0, 0, 0,
0, 0, 0, 0, 0, 0, 0, 0, 0, 0, 0, 0, 0, 0, 0, 0, 0, 0, 0, 0, 0, 0, 0, 0, 0, 0, 0, 0, 0, 0, 0, 0, 0, 0, 0, 0, 0, 0, 0, 0, 0, 0, 0, 0,
0, 0, 0, 0, 0, 0, 0, 0, 0, 0, 0, 0, 0, 0, 0, 0, 0, 0, 0, 0, 0, 0, 0, 0, 0, 0, 0, 0, 0, 0, 0, 0, 0, 0, 0, 0, 0, 0, 0, 0, 0, 0, 0, 0,
0, 0, 0, 0, 0, 0, 0, 0, 0, 0, 0, 0, 0, 0, 0, 0, 0, 0, 0, 0, 0, 0, 0, 0, 0, 0, 0, 0, 0, 0, 0, 0, 0, 0, 0, 0, 0, 0, 0, 0, 0, 0, 0, 0,
0, 0, 0, 0, 0, 0, 0, 0, 0, 0, 0, 0, 0, 0, 0, 0, 0, 0, 0, 0, 0, 0, 0, 0, 0, 0, 0, 0, 0, 0, 0, 0, 0, 0, 0, 0, 0, 0, 0, 0, 0, 0, 0, 0,
0, 0, 0, 0, 0, 0, 0, 0, 0, 0, 0, 0, 0, 0, 0, 0, 0, 0, 0, 0, 0, 0, 0, 0, 0, 0, 0, 0, 0, 0, 0, 0, 0, 0, 0, 0, 0, 0, 0, 0, 0, 0, 0, 0,
0, 0, 0, 0, 0, 0, 0, 0, 0, 0, 0, 0, 0, 0, 0, 0, 0, 0, 0, 0, 0, 0, 0, 0, 0, 0, 0, 0, 0, 0, 0, 0, 0, 0, 0, 0, 0, 0, 0, 0, 0, 0, 0, 0,
0, 0, 0, 0, 0, 0, 0, 0, 0, 0, 0, 0, 0, 0, 0, 0, 0, 0, 0, 0, 0, 0, 0, 0, 0, 0, 0, 0, 0, 0, 0, 0, 0, 0, 0, 0, 0, 0, 0, 0, 0, 0, 0, 0,
0, 0, 0, 0, 0, 0, 0, 0, 0, 0, 0, 0, 0, 0, 0, 0, 0, 0, 0, 0, 0, 0, 0, 0, 0, 0, 0, 0, 0, 0, 0, 0, 0, 0, 0, 0, 0, 0, 0, 0, 0, 0, 0, 0,
0, 0, 0, 0, 0, 0, 0, 0, 0, 0, 0, 0, 0, 0, 0, 0, 0, 0, 0, 0, 0, 0, 0, 0, 0, 0, 0, 0, 0, 0, 0, 0, 0, 0, 0, 0, 0, 0, 0, 0, 0, 0, 0, 0,
0, 0, 0, 0, 0, 0, 0, 0, 0, 0, 0, 0, 0, 0, 0, 0, 0, 0, 0, 0, 0, 0, 0, 0, 0, 0, 0, 0, 0, 0, 0, 0, 0, 0, 0, 0, 0, 0, 0, 0, 0, 0, 0, 0,
0, 0, 0, 0, 0, 0, 0, 0, 0, 0, 1, 0.1, 1, 0.1, 1, 0.1, 1, 0.1, 1, 0.1, 1, 0.1, 1, 0.1, 10, 1, 0.1, 1, 0.1, 1, 0.1, 1, 0.1, 1, 0.1, 1,
0.1, 1, 0.1, 10, 1, 0.1, 10, 1, 0.1, 1, 0.1, 10, 1, 0.1, 1, 0.1, 10, 1, 0.1, 10, 1, 0.1, 10, 1, 0.1, 1, 0.1, 1, 0.1, 1, 0.1, 1, 0.1,
0, 0, 0, 0, 0, 0, 0, 0, 0, 0, 0, 0, 0, 0, 0, 0, 0, 0, 0, 0, 0, 0, 0, 0, 1, 0.1)
ys <- 
c(0.877221108884435, 0.924782899131596, 0.931997327989311, 0.994264390850668, 1.01493309199043, 1.00200400801603,
1.04337707673411, 0.938152166401768, 1.07052815308035, 1.11222444889779, 0.999935354580128, 1.35738142952571, 0.903674014696058,
0.942491042691442, 1.02826342339852, 0.929130989251227, 0.992329486559325, 0.889779559118235, 0.926542740653722, 0.959436113606523,
0.936094411044311, 0.951580580515867, 0.893090528883851, 0.94963259853039, 1.06826987307949, 1.0126920507682, 1.03793794485522,
1.00504457190242, 1.13226452905812, 1.03462096607007, 1.13369596335528, 1.1036358431148, 1.03273213092852, 1.03273213092852,
1.20516895860687, 1.09709073319052, 0.991850367401467, 0.954942142349212, 0.96302950729044, 0.972427613848385, 1.08056112224449,
1.02179358717435, 0.995323981295921, 1.10220440881764, 1.08216432865731, 1.08091182364729, 1.02654288168173, 1.1623246492986,
0.965931863727452, 1.02404809619238, 0.962395378993278, 1.0266687220595, 0.985303941215763, 1.0266687220595, 0.928445125545209,
1.12686912286111, 1.04326299658139, 1.09178356713427, 0.94611445112447, 0.997709705124532, 0.889779559118235, 0.934669338677352,
0.991315965263859, 0.885535777437228, 0.968687374749497, 1.00100200400801, 0.954150725693808, 0.865002732738203, 0.908169279735942,
0.863545272362908, 0.924437109513142, 0.927973594247315, 0.888443553774213, 0.84658205299488, 0.896236918281007, 0.872270857504481,
0.90581162324649, 0.983644708772382, 0.914260954341113, 0.871743486973946, 0.875162088883646, 0.904354162871195, 0.97910105926138,
0.945184486620297, 0.918046619554897, 0.942938508596136, 0.883990202627474, 0.907111520337974, 0.924010182527215, 0.893673060406527,
0.794923179692718, 0.958674104966687, 0.876780588203431, 0.909278015490439, 0.944591886475651, 0.922759805324935, 1.02502878096619,
0.900748866153358, 0.96618769453801, 0.916117950186083, 0.990552533638705, 1.01149667756566, 1.02586124630213, 0.955243820975282,
0.940061942065946, 0.900801603206413, 0.946078202917461, 0.927436267884605, 0.983362072983173, 0.90943792346598, 0.946782453796481,
0.85313484111079, 1.00293610476767, 0.957263363937175, 1.02251013655217, 0.994547234002887, 0.965486528612781, 0.935203740814959,
0.903201752341893, 0.974041105466745, 0.91775387509713, 0.83446893787575, 0.828323313293251, 0.872144288577151, 0.901803607214427,
0.899398797595189, 0.879494838734071, 0.869238476953908, 0.869739478957913, 0.888050611025972, 0.866413678420669, 0.892896904920951,
0.849198396793586, 0.861297062209523, 0.886671301787248, 0.906493838741313, 0.81439474694069, 0.896486851253525, 0.926018704074814,
0.863393453573813, 0.92184368737475, 0.910055404927501, 0.901394625986668, 0.947494989979958, 1.1079301460063, 1.06686099471671,
1.10912734560029, 1.013879611074, 1.02793822939997, 0.993987975951904, 1.06829042700786, 1.01485990849624, 1.14801030632694,
1.02393466177638, 1.06036634672854, 1.0564525276969, 1.0339322713223, 1.04083166332665, 1.14337766441975, 1.05115892161682,
1.01222051947031, 1.11014481793776, 1.02798188970534, 1.00942625992726, 0.995890085255253, 1.07643859146865, 1.00734802939211,
1.16805038648726, 1.34765531062124, 1.13916722333556, 1.19438877755511, 1.26714968398335, 1.23133222967674, 1.17661409776074,
1.13457684599969, 1.20340681362725, 1.19706078824315, 1.14084168336673, 1.2808225145944, 1.20834261114822, 1.13796824418067,
1.10400110565959, 1.10370741482966, 1.06557943473153, 1.09876896650444, 1.12975951903807, 1.11598196392785, 1.09266809481031,
1.12699473020114, 1.09239167991154, 1.17697463893304, 1.12539364443172, 1.08305499888666, 0.999331997327989, 0.957208534716489,
0.987842351369404, 0.942530221733789, 0.908750835003336, 1.04097850874162, 0.964863059452236, 1.04623039181812, 0.896192384769536,
1.01108884435537, 1.01858890194181, 0.935621242484968, 1.00443310864152, 0.988643954575819, 0.985000303637577, 0.954365874606352,
0.903625432683548, 0.908316633266533, 1.00467601870407, 0.904597072933744, 0.959494747069898, 1.03044799275971, 0.998642446182689,
0.923953169496888, 0.911346502528866, 0.856495599895444, 0.905594973731243, 0.863632025956674, 0.871486562869326, 0.899359694999753,
0.885673786597586, 0.868099836035705, 0.88710754843019, 0.871266342208226, 0.877853267510629, 0.845691382765528, 0.919888557603009,
0.885874312728018, 0.899694125092289, 0.899095488273844, 0.864887670076996, 0.87332559856555, 0.867100053766065, 0.915831663326653,
0.879654044931966, 0.805611222444888, 0.868737474949898, 1.00395913778777, 1.10374595344535, 1.02605210420841, 0.96942271640054,
1.04070209384286, 1.14599569509389, 0.95577822311289, 0.989712758851035, 1.02278631336747, 1.06212424849699, 0.909533352419123,
1.01774978528485, 1.05210420841683, 0.979890816114987, 1.01554833805542, 0.991612855340309, 1.0017177211566, 0.999141139421698,
0.95219009447466, 1.03766152995646, 0.967452145670649, 1.017206827448, 0.97910105926138, 1.05989757292362, 0.905620765340204,
1.04674465209489, 0.966811672124737, 0.917933427831269, 0.890561611026929, 0.925753946918225, 0.900801603206413, 0.925660845500521,
0.888977955911821, 0.881763527054105, 0.920932774640189, 0.878830832396497, 0.958780305709456, 0.863545272362908, 0.984294169734818,
0.863545272362908, 0.960142507236696, 0.891783567134269, 0.855327676629854, 0.832970288402889, 0.848653829397926, 0.925406368292136,
0.893342240035627, 0.896260606319017, 0.868403473613895, 0.831907717874774, 0.907592963705188, 0.841683366733466, 0.901803607214427,
0.885491914060678, 0.898686261411711, 0.871510462786036, 0.829841501184186, 0.836911919076249, 0.770236124422758, 0.838820498139134,
