scale_factor <- 2.04901960784314
Ni <- 27
Nj <- 810
x <- 
c(0, 0, 0, 0, 0, 0, 0, 0, 0, 0, 0, 0, 0, 0, 0, 0, 0, 0, 0, 0, 0, 0, 0, 0, 0, 0, 0, 0, 0, 0, 0, 0, 0, 0, 0, 0, 0, 0, 0, 0, 0, 0, 0, 0, 0, 0, 0, 0, 0, 0, 0, 0, 0, 0, 0, 0, 0,
0, 0, 0, 0, 0, 0, 0, 0, 0, 0, 0, 0, 0, 0, 0, 0, 0, 0, 0, 0, 0, 0, 0, 0, 0, 0, 0, 0, 0, 0, 0, 0, 0, 0, 0, 0, 0, 0, 0, 0, 0, 0, 0, 0, 0, 0, 0, 0, 0, 0, 0, 0, 0, 0, 0, 0, 0, 0, 0, 0,
0, 0, 0, 0, 0, 0, 0, 0, 0, 0, 0, 0, 0, 0, 0, 0, 0, 0, 0, 0, 0, 0, 0, 0, 0, 0, 0, 0, 0, 0, 0, 0, 0, 0, 0, 0, 0, 0, 0, 0, 0, 0, 0, 0, 0, 0, 0, 0, 0, 0, 0, 0, 0, 0, 0, 0, 0, 0, 0, 0,
0, 0, 0, 0, 0, 0, 0, 0, 0, 0, 0, 0, 0, 0, 0, 0, 0, 0, 0, 0, 0, 0, 0, 0, 0, 0, 0, 0, 0, 0, 0, 0, 0, 0, 0, 0, 0, 0, 0, 0, 0, 0, 0, 0, 0, 0, 0, 0, 0, 0, 0, 0, 0, 0, 0, 0, 0, 0, 0, 0,
0, 0, 0, 0, 0, 0, 0, 0, 0, 0, 0, 0, 0, 0, 0, 0, 0, 0, 0, 0, 0, 0, 0, 0, 0, 0, 0, 0, 0, 0, 0, 0, 0, 0, 0, 0, 0, 0, 0, 0, 0, 0, 0, 0, 0, 0, 0, 0, 0, 0, 0, 0, 0, 0, 0, 0, 0, 0, 0, 0,
0, 0, 0, 0, 0, 0, 0, 0, 0, 0, 0, 0, 0, 0, 0, 0, 0, 0, 0, 0, 0, 0, 0, 0, 0, 0, 0, 0, 0, 0, 0, 0, 0, 0, 0, 0, 0, 0, 0, 0, 0, 0, 0, 0, 0, 0, 0, 0, 0, 0, 0, 0, 0, 0, 0, 0, 0, 0, 0, 0,
0, 0, 0, 0, 0, 0, 0, 0, 0, 0, 0, 0, 0, 0, 0, 0, 0, 0, 0, 0, 0, 0, 0, 0, 0, 0, 0, 0, 0, 0, 0, 0, 0, 0, 0, 0, 0, 0, 0, 0, 0, 0, 0, 0, 0, 0, 0, 0, 0, 0, 0, 0, 0, 0, 0, 0, 0, 0, 0, 0,
0, 0, 0, 0, 0, 0, 0, 0, 0, 0, 0, 0, 0, 0, 0, 0, 0, 0, 0, 0, 0, 0, 0, 0, 0, 0, 0, 0, 0, 0, 0, 0, 0, 0, 0, 0, 0, 0, 0, 0, 0, 0, 0, 0, 0, 0, 0, 0, 0, 0, 0, 0, 0, 0, 0, 0, 0, 0, 0, 0,
0, 0, 0, 0, 0, 0, 0, 0, 0, 0, 0, 0, 0, 0, 0, 0, 0, 0, 0, 0, 0, 0, 0, 0, 0, 0, 0, 0, 0, 0, 0, 0, 0, 0, 0, 0, 0, 0, 0, 0, 0, 0, 0, 0, 0, 0, 0, 0, 0, 0, 0, 0, 0, 0, 0, 0, 0, 0, 0, 0,
0, 0, 0, 0, 0, 0, 0, 0, 0, 0, 0, 0, 0, 0, 0, 0, 0, 0, 0, 0, 0, 0, 0, 0, 0, 0, 0, 0, 0, 0, 0, 0, 0, 0, 0, 0, 0, 0, 0, 0, 0, 0, 0, 0, 0, 0, 0, 0, 0, 0, 0, 0, 0, 0, 0, 0, 0, 0, 0, 0,
0, 0, 0, 0, 0, 0, 0, 0, 0, 0, 0, 0, 0, 0, 0, 0, 0, 0, 0, 0, 0, 0, 0, 0, 0, 0, 0, 0.1, 100, 10, 1, 0.1, 0.1, 0.1, 0.1, 0.1, 0.1, 0.1, 0.1, 0.1, 0.1, 100, 10, 1, 0.1, 0.1, 0.1, 0.1,
0.1, 0.1, 0.1, 0.1, 0.1, 0.1, 100, 0.1, 0.1, 0.1, 0.1, 0.1, 100, 10, 1, 0.1, 0.1, 0.1, 0.1, 0.1, 0.1, 0.1, 0.1, 100, 10, 1, 0.1, 0.1, 0.1, 0.1, 0.1, 100, 10, 1, 0.1, 0.1, 0.1,
0.1, 0.1, 100, 10, 1, 0.1, 0.1, 0.1, 0.1, 0.1, 100, 10, 1, 0.1, 0.1, 0.1, 0.1, 0.1, 100, 10, 1, 0.1, 0.1, 0.1, 0.1, 0.1, 100, 10, 1, 0.1, 0.1, 0.1, 0.1, 0.1, 100, 10, 1, 0.1, 0.1,
0.1, 0.1, 0.1, 100, 10, 1, 0.1, 0.1, 0.1, 0.1, 0.1, 100, 10, 1, 0.1, 0.1, 0.1, 0.1, 0.1, 100, 10, 1, 0.1, 0.1, 0.1, 0.1, 0.1, 100, 10, 1, 0.1, 0.1, 0.1, 0.1, 0.1, 0.1, 0.1, 0.1,
0.1, 0.1, 100, 10, 1, 0.1, 0.1, 0.1, 0.1, 0.1, 100, 10, 1, 0.1, 0.1, 0.1, 0.1, 0.1, 0.1, 0.1, 0.1, 0, 0, 0, 0, 0, 0, 0, 0, 0, 0, 0, 0, 0, 0, 0, 0, 0, 0, 0, 0, 0, 0, 0, 0, 0.1, 1,
0.1, 0.1, 0.1, 0.1)
ys <- 
c(0.890127591706538, 0.938389154704944, 0.945709728867623, 1.00889292196007, 1.02986572001852, 1.01674641148325, 1.05872819879611, 0.95195512291701, 1.08627874672017,
1.12858851674641, 1.01464732211761, 1.37735247208931, 0.916969696969696, 0.956357836740611, 1.04339217950833, 0.942801217920833, 1.00692954957928, 0.902870813397128,
0.94017488863224, 0.973552219105758, 0.949867091972356, 0.965581108195706, 0.906230497191592, 0.963604465709725, 1.08398724082934, 1.02759170653908, 1.0532090414123,
1.01983171093879, 1.14892344497608, 1.04984326018809, 1.15037593984962, 1.11987354750513, 1.04792663476874, 1.04792663476874, 1.22290051146675, 1.1132321399109, 1.00644338118022,
0.968992128414876, 0.977198482098661, 0.986734862233953, 1.09645933014354, 1.03682715311005, 1.00996810207336, 1.11842105263158, 1.09808612440191, 1.09681519138756,
1.04164632360121, 1.17942583732057, 0.980143540669854, 1.03911483253589, 0.976555023923442, 1.04177401545822, 0.999800637958531, 1.04177401545822, 0.942105263157896,
1.14344865660655, 1.05861244019138, 1.10784688995215, 0.960034556087186, 1.01238892686261, 0.902870813397128, 0.948421052631576, 1.00590111642743, 0.898564593301436,
0.982939593301434, 1.01572966507177, 0.968189067710596, 0.877729447585906, 0.921531100478469, 0.87625054371466, 0.93803827751196, 0.941626794258371, 0.901515151515149,
0.859037745879852, 0.909423179160022, 0.885104507680684, 0.919138755980858, 0.998116993363172, 0.92771240139661, 0.884569377990429, 0.888038277511958, 0.917659852109611,
0.993506493506494, 0.959090909090906, 0.93155376479476, 0.956811886174764, 0.896996278575223, 0.920457778352516, 0.937605069184015, 0.906821599453178, 0.806618819776714,
0.972778999094786, 0.889680589680587, 0.922656148971937, 0.958489590068534, 0.936336295283663, 1.040109946045, 0.914001510954418, 0.980403135498319, 0.9295967190704,
1.00512645249487, 1.02637874590783, 1.04095465937571, 0.969298245614033, 0.953892996955194, 0.914055023923445, 0.959997774563256, 0.941081562256591, 0.997830199176586,
0.922818409660516, 0.960712387028176, 0.86568694463431, 1.01769222209859, 0.971347501947256, 1.03755424502058, 1.00917992656059, 0.979691653375864, 0.948963317384366,
0.916490486257929, 0.988372093023253, 0.931256713211598, 0.846746411483252, 0.840510366826154, 0.884976076555021, 0.915071770334927, 0.912631578947367, 0.892434774758508,
0.882027511961723, 0.882535885167461, 0.901116427432216, 0.879161152397432, 0.906034024455075, 0.861692583732056, 0.873969255828156, 0.899716824528855, 0.919831008856766,
0.826376870609793, 0.909676789376035, 0.939643141945771, 0.876096491228069, 0.935406698564594, 0.923444976076555, 0.91465677179963, 0.961435406698563, 1.12423103212577,
1.08255763375381, 1.12544584602001, 1.02879673932305, 1.04306220095693, 1.00861244019139, 1.08400809716599, 1.02979145978153, 1.1649008885851, 1.03899972916854, 1.07596743053807,
1.07199602780536, 1.04914443273051, 1.05614533492823, 1.16020008699435, 1.0666245373296, 1.02711323763955, 1.12647828834522, 1.04310650363282, 1.02427786638313, 1.0105425350742,
1.09227614490772, 1.02216905901116, 1.18523581681476, 1.36748325358851, 1.15592769803296, 1.21196172248803, 1.2857931542142, 1.24944872061577, 1.19392552527564, 1.15126978284873,
1.22111244019138, 1.21467304625199, 1.15762679425837, 1.2996671520699, 1.22612085769981, 1.15471107839529, 1.12024418412803, 1.1199461722488, 1.08125721828081, 1.11493506493506,
1.14638157894737, 1.13240131578947, 1.10874443161194, 1.14357611199716, 1.10846394984326, 1.19429137106088, 1.14195146958305, 1.0989898989899, 1.0140350877193, 0.971291866028705,
1.00237639553429, 0.956397592221021, 0.922121212121209, 1.05629434086784, 0.979059011164272, 1.06162349447286, 0.909377990430619, 1.0259649122807, 1.03357531760435,
0.949386961722487, 1.01921125126867, 1.00318979266348, 0.999492532985355, 0.968407382091589, 0.916920400173988, 0.92168062200957, 1.01945773524721, 0.917906336088153,
0.973611715238511, 1.04560889026084, 1.01333539126408, 0.937547217325611, 0.92475506949191, 0.8690971499896, 0.918918918918916, 0.876338573706993, 0.884308673782356,
0.912591901038625, 0.898704632979345, 0.880872118312307, 0.90015948963317, 0.884085213032582, 0.890769051231181, 0.858133971291863, 0.933422803127551, 0.898908109434423,
0.91293125157391, 0.912323807060648, 0.877612692017124, 0.886174767061192, 0.879857626327456, 0.929306220095694, 0.892596323344243, 0.817464114832535, 0.88151913875598,
1.01873030692029, 1.11998527788001, 1.04114832535885, 0.983685753974376, 1.05601385909916, 1.16285663654085, 0.969840510366824, 1.00427432216906, 1.0378344852029,
1.07775119617225, 0.922915242652084, 1.03272385509228, 1.06758373205741, 0.994307869988449, 1.03049001814882, 1.00620237462343, 1.01645591250855, 1.01384142173616,
0.966199589883797, 1.05292855964362, 0.981686190397621, 1.03217290876093, 0.993506493506494, 1.07549175970228, 0.918945089997721, 1.06214532101925, 0.981036293616525,
0.931438907690509, 0.903664371571943, 0.939374489438673, 0.914055023923445, 0.939280018227383, 0.90205741626794, 0.89473684210526, 0.934482383645063, 0.891760998949699,
